u68 0.360465401166 0.444382290646 0.291791348437 0.189160125058 0.202340788627 0.29711268787 0.248896760615 0.421303359825 0.406833330445 0.277664054974 
u69 0.191612777935 0.359463830178 0.462746815033 0.0893181354116 0.265239511413 0.00959683176534 0.310248389416 0.441547089293 0.42968562422 0.35119687286 
u71 0.374989700004 0.514754941829 0.21555902936 0.445759152392 0.179493952339 0.318253893717 0.44367049689 0.237481785331 0.178030755965 0.117629472288 
u73 0.366983612512 0.412163964046 0.28800513402 0.600940941767 0.730669017291 0.596196390159 0.543105798044 0.344165447451 0.429180465695 0.473230341167 
u61 0.326025510882 0.370194812841 0.0977021357815 0.465359288397 0.125221311786 0.0797956190953 0.305085993101 0.560334905414 0.0736025611027 0.547376897725 
u62 0.019437852791 0.0994888320333 0.224795993408 0.465044698343 0.20503466039 0.48308172916 0.258153204737 0.330990557507 0.373213369344 0.424705347515 
u64 0.300084626116 0.357959019725 0.267986981351 0.389689088135 0.333070147236 0.0986424346666 0.379340405247 0.323783925365 0.42468754824 0.185384844189 
u65 0.437258327946 0.582137205743 0.138989537329 0.474115964884 0.624474745535 0.412612884801 0.368601160174 0.249185139108 0.213430238066 0.348375074707 
u66 0.177175804334 0.595769445843 0.152244452354 0.543859761408 0.244820283218 0.248310845821 0.623420861312 0.372658655582 0.231857936027 0.333193546807 
u67 0.275611501703 0.102699549458 0.186718057963 0.312515900581 0.195991307063 0.400416175539 0.230195192986 0.531086680519 0.39697680971 0.414905339807 
u40 0.355370040869 0.322148750969 0.402026805732 0.500741852795 0.305125187649 0.125241604716 0.513414302184 0.155719187692 0.429438983105 0.254080246024 
u72 0.325808010466 0.352013882914 0.358668954298 0.325975068488 0.314564127135 0.387893571122 0.37530508679 0.436226183796 0.0433421202715 0.0429072165307 
u58 0.133351318975 0.337992043147 0.335154750583 0.181634913397 0.425515972181 0.467189993214 0.238722556392 0.284344765627 0.353584585908 0.349724360351 
u9 0.603687510741 0.055034473117 0.545463767954 0.056439601318 0.184786058757 0.388966633649 0.456104491754 0.112988594918 0.399771240923 0.292172196257 
u8 0.190312530757 0.36850990508 0.388668171313 0.212787316383 0.0867311528662 0.366795319396 0.590461671844 0.0620428862293 0.540641322422 0.516172546659 
u43 0.104762231913 0.15640039583 0.275622283914 0.0838874578816 0.17545738917 0.52121921376 0.424123560564 0.332644488405 0.534191489739 0.4609801907 
u5 0.486563392098 0.408330156314 0.0336719680542 0.40919834929 0.0755507795407 0.323977995501 0.377757571053 0.172540403236 0.418657586136 0.245273709676 
u4 0.351266543975 0.207380300787 0.4014574977 0.296786584676 0.222088607643 0.442548616851 0.375948890167 0.296521422273 0.0812946360567 0.480485142966 
u7 0.293552193005 0.236503142472 0.376769115892 0.353040396903 0.230832519846 0.228050638057 0.409286985904 0.417041190908 0.377745051329 0.404830073011 
u6 0.528968454214 0.289382206133 0.0733695955577 0.507117312123 0.0918695433596 0.346502072113 0.301694722291 0.185798848728 0.216638530051 0.383277279219 
u1 0.354176774963 0.379957973374 0.40220568143 0.45518682462 0.0640429249604 0.144225632208 0.218112338277 0.453669391908 0.405100329666 0.321893037115 
u0 0.284845031291 0.42312235367 0.285445112394 0.324318492083 0.179257898664 0.0228216031292 0.463695930121 0.167895571594 0.34796619877 0.466492171072 
u3 0.580326055573 0.117916188536 0.0410955449853 0.320675050219 0.232053589263 0.26068925788 0.485112501972 0.322125708211 0.340820864142 0.0700455326353 
u2 0.333069907905 0.424109332346 0.323305098504 0.111459677312 0.142796527773 0.464987218337 0.505478789032 0.156124353872 0.113783810576 0.441540367977 
u37 0.0965080975402 0.431297187446 0.446896067391 0.334114745814 0.213640714275 0.383437562652 0.299468838702 0.440940760385 0.216881587506 0.044828784517 
u36 0.506657062298 0.594966859808 0.513218329356 0.228379330996 0.138831259561 0.366290282045 0.306207805865 0.232495748898 0.396594453339 0.523043377882 
u35 0.267895257923 0.0696888549132 0.449790162277 0.399136383825 0.523144585356 0.344753463432 0.303666546404 0.217061086697 0.202368241981 0.200662695675 
u34 0.361160889517 0.269548935936 0.428500904666 0.574432382676 0.459363900056 0.120269625839 0.366341019954 0.0970953216019 0.261411691697 0.537119777736 
u33 0.252834592857 0.415024402509 0.361045508275 0.68879817996 0.427337463625 0.344796879633 0.669472920763 0.603071868851 0.238619419344 0.342086036074 
u32 0.229402439103 0.178519447583 0.238946979328 0.611346357745 0.148551741316 0.0652435195774 0.146716167048 0.624814415674 0.317637953272 0.162695849096 
u31 0.226058736833 0.527379008857 0.463377888392 0.361457360928 0.0406742509755 0.229702210178 0.300983438256 0.198964842084 0.27867572407 0.492396777297 
u30 0.125726491707 0.335332087812 0.383689957251 0.355135435372 0.36647815767 0.0301466434762 0.365026523918 0.267838250694 0.431023898804 0.397497073853 
u11 0.497470424152 0.303304490851 0.468869306991 0.481633155616 0.304515099841 0.278875518857 0.664445791809 0.496176374138 0.278481715392 0.217515036674 
u10 0.548763702106 0.350815741194 0.559683988194 0.163980792191 0.0838681257416 0.118255478625 0.0938188988048 0.294507374873 0.326288766294 0.470526586559 
u13 0.538301598053 0.493774268731 0.364330463849 0.448991071357 0.274470569201 0.259748405149 0.666257737372 0.093397153446 0.601935784048 0.650059571816 
u12 0.0323724056541 0.246203281062 0.482812673813 0.422098725592 0.0964633840817 0.369849861707 0.195801672328 0.0146118060148 0.495656136968 0.399526533564 
u14 0.405132248328 0.331619869379 0.483348696417 0.123021642288 0.378523429959 0.361623478161 0.108750052608 0.312067356416 0.242713425468 0.330321026792 
u17 0.182221021696 0.462744948896 0.376192682752 0.43926063485 0.468769433987 0.214386441594 0.26656554202 0.490622116959 0.268174145451 0.130127651762 
u16 0.507424556212 0.156249004243 0.418025984785 0.354052824255 0.333285862263 0.144084809078 0.196207621349 0.0342198785683 0.550078974177 0.105051490773 
u70 0.437716877218 0.295710068514 0.321135094026 0.395701678832 0.343702406751 0.268320047151 0.146911630576 0.492189283719 0.163115522982 0.259763681774 
u59 0.204413045125 0.304191951488 0.433140367304 0.473185167191 0.496482385935 0.354997956874 0.222768999446 0.0890491052045 0.239993985533 0.409113862642 
u44 0.182568487022 0.467453712511 0.301618018949 0.364941059253 0.181969870792 0.338993110587 0.405457748154 0.410009169715 0.270935227095 0.091943573229 
u55 0.339014393803 0.437936054568 0.455250885683 0.0478754417939 0.150308225693 0.165102293106 0.449862199109 0.363545509885 0.319219044655 0.236207781929 
u41 0.234337027386 0.396476094007 0.0602095412578 0.622595189703 0.153005659241 0.208417474617 0.143853202893 0.230616216522 0.0837494080712 0.533233293556 
u57 0.603231975201 0.241781262845 0.173019170401 0.282078233895 0.0507201875741 0.100705511836 0.299137865153 0.0610405326382 0.585929911796 0.235513441597 
u56 0.398549081844 0.273501709523 0.167933293306 0.349291887245 0.162810406828 0.471075354363 0.386204729132 0.177269930437 0.388541912407 0.361806400375 
u51 0.323805214976 0.407146989987 0.482997051038 0.292327728123 0.377519724428 0.302615464993 0.19468311972 0.0224530007698 0.235233945612 0.368037660013 
u50 0.16006594125 0.555170637622 0.504204460327 0.377832184619 0.103668761824 0.300603887889 0.130430862431 0.147374437912 0.554923552136 0.507401418278 
u75 0.0556975319917 0.0477889976049 0.136960708598 0.456598529576 0.259031605645 0.52199205298 0.0245373932153 0.0680636223729 0.530797302665 0.417135927175 
u74 0.58888100091 0.366024028745 0.317752398914 0.148476115367 0.60642287864 0.47042750681 0.238125439137 0.485233448277 0.553915292541 0.593627261217 
u47 0.456263472591 0.408893047875 0.158607214192 0.518137844191 0.463546833834 0.656754891003 0.189916537629 0.0705877446136 0.592247330016 0.338332589518 
u24 0.624818332243 0.258880021286 0.678127003109 0.560461792686 0.463719986873 0.531959695875 0.419540217825 0.210897968326 0.733143339846 0.425321568927 
u25 0.365461219151 0.322032917811 0.447715543672 0.122299471287 0.474553495351 0.232623396478 0.346525135052 0.443985859892 0.150289634903 0.0693023931829 
u26 0.435629209902 0.0959394050556 0.5157635926 0.286948075186 0.0834160113313 0.258406928171 0.291301640243 0.511372462352 0.223349001659 0.114262058027 
u27 0.174318192992 0.136924011338 0.472510832524 0.119323484835 0.247144700448 0.0565141406649 0.342805406408 0.451835579362 0.445486015882 0.458136900818 
u21 0.399620508506 0.0892231450706 0.494365099919 0.113977360906 0.507062851593 0.17770653911 0.436528595218 0.435731996375 0.224320000136 0.10956002736 
u22 0.825741891386 0.473211099894 0.488092972845 0.212222466875 0.302105368136 0.391584447643 0.635329677435 0.437855875165 0.566229532403 0.326086381501 
u23 0.219181041038 0.300738153541 0.21687018243 0.467626949221 0.163907965975 0.132817737928 0.569585448523 0.0274173363809 0.461801034698 0.259462032075 
u48 0.611400297985 0.110891857174 0.0226451722094 0.501111144607 0.388923382204 0.110196597431 0.23495412089 0.240800232266 0.0627125240929 0.379223673493 
u38 0.0746298597678 0.141813487724 0.310645592225 0.408073738296 0.173432356405 0.199281119051 0.377983305004 0.423283414688 0.322293038728 0.517734163433 
u28 0.589186195501 0.132007398053 0.0565207600453 0.236087283977 0.147939444683 0.0882388983511 0.355192328298 0.310697210646 0.161961310812 0.591489716568 
u29 0.217322350544 0.531118028474 0.129541452069 0.150021559075 0.114294371104 0.154223854055 0.393546306354 0.439653570453 0.286095990093 0.59664576397 
u54 0.411550958127 0.00694690119697 0.341459185969 0.47793872858 0.468408855656 0.477312532914 0.174080444402 0.098116655177 0.0176526189972 0.138656805108 
