u68 0.433796460079 0.306758672665 0.437686749466 0.197628566482 0.450239936156 0.12223923987 0.0282165183068 0.532695444347 0.217640831561 0.107726681262 
u69 0.434759301775 0.26452569297 0.0227936031128 0.389581933734 0.280042508551 0.197263988614 0.364553723788 0.179193397491 0.596210721982 0.034657923149 
u73 0.250377366577 0.176610942933 0.183016853485 0.364898555043 0.238875245695 0.660336420124 0.323862525345 0.182623880324 0.109056271513 0.510848693549 
u61 0.0484453347793 0.381099037344 0.370382406654 0.263184389506 0.259636706632 0.549358405706 0.469101862279 0.263158672385 0.143686345355 0.325895215518 
u64 0.0507756145593 0.243445376985 0.408876453453 0.456050947017 0.0749070684702 0.177038121815 0.509899944729 0.39008403017 0.0884221567815 0.374228629336 
u65 0.0726157715395 0.556566115867 0.224222178014 0.149341066373 0.471947757114 0.504702712375 0.223558843935 0.230620446165 0.260610190294 0.552299160827 
u66 0.264049811363 0.541836118126 0.417439151179 0.144334722643 0.476308882608 0.292226155263 0.074582128595 0.313505447912 0.480054278211 0.522464216337 
u67 0.268781997897 0.368359244589 0.466056722576 0.226238760252 0.0402089791906 0.391305478924 0.349214509807 0.477593161513 0.224741923779 0.256469215997 
u72 0.363869588753 0.483043430536 0.245191621564 0.291886494145 0.256210626497 0.223905682025 0.330746694922 0.452583795598 0.154754874177 0.267224587969 
u58 0.21390186968 0.454338253696 0.128173290507 0.452104961528 0.396115721802 0.369066916861 0.0845483155067 0.0629704268161 0.250536458572 0.442999806537 
u42 0.526686362081 0.501714859254 0.170684643316 0.0870363040139 0.372790608064 0.183453504471 0.0769981334238 0.168315571024 0.373840211343 0.366033281152 
u9 0.310605623237 0.413836347115 0.435816254869 0.18730506431 0.312045731984 0.316404503482 0.524798921408 0.156558507068 0.298421670947 0.254697328321 
u8 0.128458249679 0.220469995878 0.391770976075 0.224432154406 0.492230994537 0.334969505961 0.506761339923 0.21925284943 0.337066474937 0.4756168092 
u43 0.500065136148 0.302267377466 0.354662682028 0.0334571990446 0.0595748452087 0.237078467591 0.456012979783 0.216830158984 0.327808073079 0.492251711024 
u5 0.243027182694 0.404415134146 0.453567393557 0.41967421951 0.288616023251 0.317537276562 0.315069917238 0.287987410891 0.226655308422 0.118008078481 
u7 0.267056845304 0.441148064384 0.255920545357 0.508344434472 0.357738000357 0.247612943194 0.152776415893 0.483404754705 0.0813019448678 0.201149437306 
u6 0.543058299327 0.124557358661 0.53203753834 0.59244757563 0.0852319923098 0.127410926304 0.0977741307207 0.266847809342 0.10669637489 0.0366170779608 
u1 0.219312373478 0.357535706386 0.253872575875 0.160698517543 0.431217877751 0.304340191622 0.139063390023 0.541106388928 0.197327656616 0.470665317887 
u26 0.0197164845954 0.0756301561231 0.200315004259 0.410441096844 0.470862891952 0.153442108576 0.344286144018 0.618658356746 0.110946119271 0.222231860555 
u2 0.399708345135 0.550736050668 0.0622063620966 0.229888898862 0.366088471594 0.298703760174 0.161799009095 0.36673240675 0.356997733325 0.298100806913 
u36 0.408364258482 0.447373367603 0.342645996356 0.466480055905 0.35671050768 0.187518931823 0.334760087715 0.312856701851 0.438888352974 0.295013215829 
u35 0.306921503869 0.210926719722 0.441960841678 0.305843785146 0.168810190745 0.318716038886 0.443141712418 0.363144944993 0.30314730627 0.304769184119 
u34 0.25814828198 0.394803128957 0.542721712602 0.498741421868 0.373106315348 0.335687399839 0.097564504477 0.409658520423 0.321757808236 0.0966746398475 
u33 0.445404999005 0.296265683676 0.281105099841 0.331031198005 0.482177179719 0.296724113892 0.41998388176 0.298744689655 0.375477218006 0.233719801173 
u31 0.295866285008 0.457603641997 0.437630004071 0.328472072902 0.374918734328 0.300615043965 0.148447570051 0.238576707587 0.220108127169 0.357771128568 
u30 0.0388415023036 0.419143527275 0.424231715444 0.090090010076 0.337830336419 0.250773357205 0.20096087066 0.0304071368657 0.582153771761 0.405579587042 
u11 0.289140128084 0.353099526096 0.527238469652 0.450572175746 0.255570486269 0.408372796309 0.105766350669 0.448115345601 0.311229712673 0.378578164947 
u10 0.228624908429 0.260959711272 0.297715682483 0.413326811995 0.525655773725 0.605928533545 0.455847431154 0.302762752767 0.129658117454 0.320043149271 
u13 0.61976085335 0.419563039742 0.35805227334 0.474410438649 0.143380395358 0.651680420957 0.446622184661 0.368186255123 0.409274084131 0.46023958414 
u12 0.314594591709 0.506195048616 0.35253618085 0.40794931141 0.330839951655 0.252396441089 0.0919409520148 0.189477438276 0.19638928547 0.408727513342 
u17 0.608294759885 0.587083315781 0.248872606827 0.103690254095 0.341663049205 0.250045379172 0.476294159394 0.234794505741 0.397156601755 0.235624251872 
u38 0.224136359776 0.242623884987 0.310315918647 0.116625863707 0.488019981837 0.497050068533 0.110551924036 0.0740227511322 0.328872699402 0.456371120265 
u70 0.0479564961571 0.395041061882 0.476079187633 0.49407236508 0.180747944793 0.452578088008 0.161020778646 0.314529480689 0.0371766102598 0.167413243369 
u44 0.017856139511 0.652348568502 0.139029475603 0.362136278536 0.548378938198 0.22519923882 0.289738863196 0.0336928223723 0.108691889805 0.0149135931261 
u55 0.153573704837 0.350967393395 0.0658967738548 0.506259138595 0.342273735466 0.323505884037 0.316343054959 0.282839405556 0.508925221364 0.408367987391 
u54 0.315791292995 0.261796086784 0.553492114081 0.413451052013 0.272254743869 0.248111728558 0.340654250191 0.36233101703 0.076947970064 0.144800814809 
u56 0.316783127439 0.549636712301 0.10864424045 0.381854792221 0.231902486429 0.0327704265431 0.242363891451 0.222841971459 0.536375332618 0.250766500081 
u50 0.309367789841 0.39186759678 0.45314215972 0.201954465771 0.413804666663 0.318802927196 0.2209589719 0.453236248709 0.0988373457673 0.455176675672 
u53 0.507513643568 0.447004502889 0.246372212956 0.0457271021426 0.513415009448 0.14904065809 0.288873803373 0.0263999427398 0.402618044403 0.176291128037 
u52 0.154172501626 0.0189438867971 0.510687348044 0.172015448094 0.207729441704 0.0275942780521 0.525258282153 0.23676711885 0.318836049969 0.491225681858 
u74 0.167126544264 0.182868004965 0.591742711661 0.183773495603 0.0929055559807 0.619053656301 0.387262090957 0.439163869874 0.575372899991 0.493727494423 
u47 0.198846457794 0.51799411817 0.723382110579 0.708663908866 0.431112819595 0.343753937354 0.253243367631 0.235450109152 0.227194366674 0.651999635568 
u24 0.704402891381 0.197992896293 0.258631871675 0.311206840436 0.182088051152 0.554531839727 0.156822016822 0.0947571157462 0.724318274104 0.337268118902 
u25 0.189169253241 0.356167958847 0.301587752613 0.325981410283 0.354513341563 0.377258960328 0.276672934936 0.328268020292 0.323150102943 0.340842172216 
u40 0.251894452038 0.12918121882 0.521441827897 0.308254532236 0.213177764159 0.610533837167 0.254518341364 0.0901287049923 0.347160656323 0.190484531313 
u41 0.256759688407 0.298174402149 0.252504957683 0.393877891839 0.294384761826 0.477526007199 0.281639484109 0.457695081572 0.179447416023 0.19245913931 
u21 0.0439666544 0.409577164511 0.476917963822 0.32552906616 0.381173297014 0.052326336026 0.281909889175 0.302542645426 0.421984453917 0.380066440524 
u22 0.34476920799 0.789798152717 0.524120321169 0.403587924343 0.217996648678 0.619719992991 0.14050909613 0.200073936116 0.641906497779 0.477927659435 
u48 0.228590860252 0.187317991206 0.160432433466 0.595983988657 0.28594374752 0.131258462818 0.06080893476 0.26929462515 0.209595077021 0.593524666892 
u49 0.46276660309 0.415685415831 0.269674997281 0.0244581479972 0.38417806595 0.467127441333 0.343196285354 0.148043176144 0.237895837924 0.131332955413 
u29 0.134639103362 0.221084614953 0.346127933408 0.439079345354 0.505115349022 0.550402674958 0.423847804402 0.124692735921 0.133146824351 0.10793589565 
